0.3700 0.6254 1 1
0.3568 0.6433 1 1
0.5737 0.8908 1 3
0.4931 1.0075 1 1
0.8423 1.0940 1 3
0.9319 1.4066 1 2
0.5737 1.4300 2 3
1.0901 1.6197 1 3
0.8423 1.6500 2 3
0.9319 1.8513 2 2
1.2822 2.3671 1 1
1.0901 2.5672 2 3
2.1931 2.5815 1 1
2.4090 2.8481 1 1
2.3759 2.9080 1 3
2.4827 3.0900 1 1
2.6309 3.2168 1 1
3.1373 3.4206 1 1
0.5737 3.6903 3 3
2.3759 3.8384 2 3
0.8423 3.9401 3 3
1.0901 4.0430 3 3
2.3759 4.1415 3 3
4.3931 4.6852 1 1
4.9246 5.1738 1 2
4.8900 5.2920 1 1
4.9246 5.5498 2 2
5.6354 5.8881 1 2
5.6354 6.2182 2 2
7.0522 7.4953 1 2
7.0522 7.7124 2 2
8.1728 8.4445 1 1
8.4864 8.6966 1 1
8.6920 8.9184 1 2
8.5891 8.9352 1 1
8.6920 9.1788 2 2
8.9454 9.2617 1 3
8.9454 9.4736 2 3
8.9454 9.7433 3 3
10.5968 10.8049 1 1
10.6874 10.9079 1 1
10.9211 11.6631 1 1
11.6966 11.9531 1 1
13.8917 14.1353 1 3
13.9825 14.3478 1 1
13.8917 14.4109 2 3
14.3459 14.6239 1 1
13.8917 14.6481 3 3
14.7102 14.9595 1 3
14.7102 15.2409 2 3
14.7102 15.4688 3 3
15.6289 15.8486 1 1
16.3426 16.5481 1 2
16.3426 16.7531 2 2
16.1795 16.9967 1 1
16.7691 17.3315 1 1
17.7473 18.3147 1 1
18.6449 18.9030 1 2
18.6449 19.1049 2 2
19.0326 19.3132 1 3
18.8562 19.3868 1 1
19.0326 19.7290 2 3
19.0326 19.9396 3 3
20.2244 20.4946 1 2
20.3320 20.5767 1 1
20.2244 20.7403 2 2
20.4991 20.9418 1 1
21.3804 21.6391 1 1
21.9249 22.1381 1 1
22.0653 22.2939 1 2
22.0653 22.4952 2 2
22.2932 23.0910 1 2
22.2932 23.3734 2 2
23.4330 23.7165 1 1
23.6578 23.8945 1 2
23.6578 24.1565 2 2
24.1969 24.4694 1 2
24.1969 24.8380 2 2
24.7106 25.1629 1 1
25.3726 25.5754 1 1
25.5645 25.8370 1 3
25.5645 26.1716 2 3
25.9706 26.2330 1 1
25.5645 26.4662 3 3
26.3018 26.5063 1 1
26.4249 26.6675 1 1
27.2781 27.5236 1 2
27.2781 27.7291 2 2
27.0369 27.8729 1 1
29.6865 29.8896 1 2
29.6865 30.2788 2 2
30.7920 31.1162 1 3
30.6308 31.2259 1 3
30.9717 31.3939 1 1
30.7920 31.4293 2 3
30.6308 31.5953 2 3
30.7920 31.6492 3 3
30.6308 31.8289 3 3
32.2630 32.4935 1 3
32.2630 32.7564 2 3
32.2630 33.3643 3 3
34.0729 34.3713 1 3
34.0729 34.6604 2 3
34.0729 35.1517 3 3
35.2238 35.4343 1 1
35.7836 35.9907 1 2
35.7836 36.2346 2 2
36.4203 36.6451 1 1
36.8561 37.1015 1 3
36.8561 37.3213 2 3
36.8561 37.5440 3 3
37.6389 37.8399 1 3
37.8492 38.1101 1 3
37.8492 38.4960 2 3
37.6389 38.5331 2 3
37.8492 38.7642 3 3
37.6389 39.1046 3 3
38.4451 39.3081 1 3
39.2708 39.5066 1 2
38.4451 39.6663 2 3
38.4451 39.8863 3 3
39.2708 40.4225 2 2
40.7617 40.9889 1 1
41.0985 41.3681 1 1
42.6762 42.8972 1 1
42.7087 42.9146 1 1
42.9752 43.1935 1 1
42.7558 43.1949 1 2
42.7558 43.4559 2 2
43.1842 43.6145 1 1
43.3492 43.6999 1 1
43.7278 43.9424 1 2
43.8930 44.1259 1 1
43.7278 44.1719 2 2
43.9599 44.3295 1 1
44.1403 44.4992 1 3
44.2364 44.5657 1 3
44.2606 44.7512 1 2
44.1403 44.9283 2 3
44.2364 45.0448 2 3
44.2606 45.2371 2 2
44.1403 45.2609 3 3
45.0703 45.4923 1 2
45.1726 45.5083 1 1
45.0703 45.8508 2 2
44.2364 45.8810 3 3
45.5114 46.1835 1 1
45.5447 46.2732 1 1
45.5480 46.4089 1 2
45.5830 46.4933 1 2
45.9311 46.6886 1 1
45.9471 46.8046 1 3
45.5480 47.1901 2 2
46.0601 47.4387 1 1
46.7441 47.6582 1 1
45.5830 47.7032 2 2
47.0166 47.9306 1 3
47.5458 48.1621 1 2
45.9471 48.2071 2 3
47.0166 48.7534 2 3
47.5473 48.8113 1 2
47.5458 48.9694 2 2
47.5473 49.1948 2 2
48.9699 49.4307 1 3
48.5390 49.4510 1 2
48.9699 49.7195 2 3
48.5390 49.8713 2 2
45.9471 50.0705 3 3
49.8014 50.1515 1 3
49.8014 50.3845 2 3
50.0521 50.3986 1 2
47.0166 50.6884 3 3
50.0521 50.6902 2 2
48.9699 50.9018 3 3
49.8014 50.9796 3 3
50.8668 51.1346 1 1
