0.1205 0.3565 1 2
0.2381 0.5557 1 2
0.3338 0.7810 1 3
0.1205 0.8833 2 2
0.2381 0.9245 2 2
0.3338 1.0454 2 3
0.3338 1.3733 3 3
2.3458 2.6074 1 1
3.2296 3.4391 1 2
3.2296 3.8825 2 2
3.7139 3.9512 1 1
3.8354 4.2262 1 2
3.8354 4.5799 2 2
7.3153 7.5767 1 1
7.7181 7.9194 1 2
7.7181 8.1408 2 2
8.0080 8.4092 1 2
7.5854 8.4253 1 2
8.0080 8.6104 2 2
7.5854 8.8202 2 2
8.9918 9.2615 1 1
9.1626 9.3664 1 2
9.1626 9.6445 2 2
6.3540 9.9222 1 2
6.3540 10.1832 2 2
10.2382 10.5335 1 1
10.5614 10.7739 1 2
10.5614 11.0104 2 2
10.9414 11.1636 1 1
11.3750 11.7980 1 2
11.7139 11.9582 1 1
11.3750 12.0690 2 2
11.7307 12.2203 1 1
11.9951 12.3010 1 1
13.3008 13.6712 1 2
13.1448 13.6792 1 2
13.3008 13.9661 2 2
13.1448 14.0300 2 2
13.6914 14.0706 1 1
14.1130 14.3430 1 2
14.0857 14.3671 1 2
14.3223 14.5982 1 1
14.1842 14.6090 1 1
14.1130 14.6142 2 2
14.4683 14.8282 1 1
14.5383 14.8360 1 1
14.0857 14.9519 2 2
14.9617 15.1654 1 1
15.0407 15.2478 1 1
15.0393 15.2479 1 1
15.2180 15.4883 1 1
15.1531 15.5037 1 1
15.7598 16.0675 1 2
15.7598 16.4146 2 2
16.2315 16.5505 1 2
16.2315 16.8079 2 2
16.9251 17.3463 1 1
17.7816 18.1634 1 1
19.9494 20.2676 1 1
20.0571 20.2785 1 2
20.0571 20.6230 2 2
21.2204 21.8801 1 1
21.9835 22.2167 1 2
21.8556 22.3204 1 2
21.8556 22.5394 2 2
21.9835 22.5495 2 2
22.8434 23.1866 1 1
23.5616 23.7964 1 1
22.0840 23.8018 1 1
23.6021 23.8578 1 1
25.5097 25.7476 1 1
26.0422 26.2976 1 2
26.0422 26.5963 2 2
26.4841 26.6843 1 2
26.4841 27.0111 2 2
27.0698 27.3456 1 2
27.0698 27.5691 2 2
27.6707 27.8784 1 2
27.6707 28.0818 2 2
28.4106 28.6130 1 2
28.4106 28.8979 2 2
29.4861 29.7115 1 2
29.4861 29.9951 2 2
29.8404 30.1134 1 1
30.2044 30.4581 1 2
30.4453 30.6550 1 1
30.2044 30.9175 2 2
30.9073 31.1743 1 1
31.3367 31.5447 1 1
31.1380 31.6208 1 1
31.4162 31.6576 1 3
31.4162 31.8783 2 3
31.7975 32.0140 1 1
31.4162 32.0787 3 3
32.0238 32.3711 1 3
32.0238 32.7233 2 3
32.0238 32.9509 3 3
33.2423 33.5500 1 1
33.5305 33.7620 1 1
35.0506 35.3713 1 1
35.1582 35.5277 1 1
35.8106 36.2102 1 2
35.8106 36.4203 2 2
36.2613 36.5474 1 1
36.6478 36.8514 1 3
36.5402 36.8651 1 2
36.6478 37.1721 2 3
36.5402 37.2722 2 2
36.6478 37.4224 3 3
38.2450 38.4490 1 1
38.2016 38.8162 1 1
38.6407 38.8640 1 2
38.6407 39.6170 2 2
39.8173 40.1187 1 1
40.9378 41.1718 1 1
41.2696 41.5684 1 3
41.2696 41.7795 2 3
41.6416 41.8978 1 1
41.2696 42.2841 3 3
42.1322 42.4635 1 1
43.9336 44.3087 1 1
44.2124 44.4837 1 3
44.2124 44.7778 2 3
44.7049 44.9078 1 1
44.2124 45.0081 3 3
44.8213 45.0490 1 2
45.2072 45.4682 1 3
45.2072 45.6821 2 3
45.2072 45.9188 3 3
44.8213 46.2563 2 2
46.1114 46.3286 1 2
46.1114 46.5297 2 2
46.6104 46.8526 1 3
46.6104 47.0623 2 3
46.6104 47.2697 3 3
48.1897 48.4091 1 2
48.2406 48.5316 1 1
48.1897 48.6198 2 2
48.4084 48.7762 1 1
48.8536 49.0652 1 1
49.4981 49.7753 1 1
50.6711 50.9441 1 3
50.6711 51.1853 2 3
51.0117 51.5329 1 3
51.0117 51.8499 2 3
51.6750 51.9438 1 1
51.0117 52.0706 3 3
51.9162 52.1610 1 1
50.6711 52.4121 3 3
51.9578 52.4359 1 2
52.2101 52.5598 1 1
51.9578 53.2848 2 2
53.0831 53.4499 1 1
53.5159 53.7244 1 3
53.5159 53.9487 2 3
53.5159 54.1557 3 3
53.7737 54.2482 1 2
53.9631 54.2614 1 1
53.7737 54.4991 2 2
56.1598 56.4069 1 1
56.2926 56.8226 1 1
56.7969 57.0582 1 1
57.0671 57.3885 1 3
57.3267 57.5288 1 1
57.0671 57.5950 2 3
57.0671 58.0317 3 3
57.8772 58.1180 1 1
58.1006 58.3426 1 2
58.1006 58.7182 2 2
58.7875 58.9990 1 2
60.0856 60.2882 1 3
60.0856 60.5096 2 3
60.0856 60.7468 3 3
61.0086 61.2721 1 1
61.6089 61.9998 1 1
62.4936 62.7953 1 1
63.4121 63.6390 1 2
63.8483 64.0807 1 2
63.4121 64.1760 2 2
63.8483 64.3802 2 2
64.3150 64.5319 1 2
64.3150 64.8267 2 2
64.6740 65.0405 1 1
65.0862 65.3138 1 1
65.1494 65.3582 1 2
58.7875 65.3698 2 2
65.1494 65.5742 2 2
65.7577 65.9985 1 2
65.7577 66.2796 2 2
66.5773 66.8394 1 1
67.0171 67.2724 1 2
67.0171 67.5051 2 2
66.7556 67.8114 1 3
67.6089 67.8161 1 2
66.7556 68.0279 2 3
67.6089 68.0438 2 2
66.7556 69.1537 3 3
69.5433 69.7488 1 1
70.1943 70.4119 1 2
70.1943 70.6280 2 2
70.1223 70.9221 1 1
