0.1205
0.1176
0.0957
2.0120
0.8838
0.4843
0.1215
2.5186
0.9613
0.2701
0.1327
0.2899
0.9838
0.1708
1.0756
0.3232
0.3800
0.4336
0.3389
0.0168
0.2644
1.1497
0.1560
0.3906
0.3943
0.0273
0.0712
0.1381
0.1460
0.0700
0.4234
0.0776
0.0014
0.1124
0.0649
0.5418
0.4717
0.6936
0.8565
2.1678
0.1077
1.1633
0.6352
0.1279
0.1005
0.7594
0.7182
0.0405
1.9076
0.5325
0.4419
0.5857
0.6009
0.7399
1.0755
0.3543
0.3640
0.2409
0.4620
0.2307
0.1987
0.0795
0.3813
0.2263
1.2185
0.2882
1.5201
0.1076
0.6524
0.4507
0.2789
0.1076
1.5538
0.0434
0.3957
1.1766
1.1205
0.3318
0.3720
0.4906
1.8014
0.2788
0.4925
0.1164
0.3859
0.9042
0.4990
1.5793
0.0509
0.1678
0.4452
0.6445
1.1730
0.3406
0.6633
0.2412
0.0416
0.2523
0.8730
0.4328
0.2578
0.1894
2.1967
0.1328
0.5043
0.2702
0.2596
0.5505
0.2234
0.6869
1.2981
0.9230
0.6003
0.8847
0.9185
0.4362
0.4667
0.3590
0.4122
0.0632
0.6083
0.8196
0.1783
0.2615
0.5918
1.9344
0.5790
0.0720
