0.3568
0.0132
0.1231
0.0806
0.2686
0.0896
0.1582
0.1921
0.9109
0.1828
0.0331
0.0737
0.1482
0.5064
1.2558
0.4969
0.0346
0.7108
1.4168
1.1206
0.3136
0.1027
0.1029
0.2534
1.6514
0.0906
0.2337
0.7755
2.1951
0.0908
0.3634
0.3643
0.9187
0.5506
0.1631
0.4265
0.9782
0.8976
0.2113
0.1764
1.1918
0.1076
0.1671
0.8813
0.5445
0.1404
0.2279
1.1398
0.2248
0.5391
0.5137
0.6620
0.1919
0.4061
0.3312
0.1231
0.6120
0.2412
2.4084
0.9443
0.1612
0.1797
1.2913
1.8099
1.1509
0.5598
0.6367
0.4358
0.7828
0.2103
0.5959
0.8257
1.4909
0.3368
1.5777
0.0325
0.0471
0.2194
0.2090
0.1650
0.3786
0.1652
0.0669
0.1804
0.0961
0.0242
0.8097
0.1023
0.3388
0.0333
0.0033
0.0350
0.3481
0.0160
0.1130
0.6840
0.2725
0.5292
0.0015
0.9917
0.4309
0.8315
0.2507
0.8147
