0.2865 NaN NaN 
0.2554 NaN NaN 
0.3821 NaN NaN 
0.2475 0.4225 0.2697 
0.2032 0.2200 0.2498 
0.3126 0.2013 NaN 
0.2131 0.7159 0.2046 
0.7474 NaN NaN 
0.2144 NaN NaN 
0.3408 0.7484 0.2014 
0.2666 NaN NaN 
0.2419 NaN NaN 
0.3088 NaN NaN 
0.2038 NaN NaN 
0.2921 NaN NaN 
0.4020 NaN NaN 
0.2492 0.3760 NaN 
0.2527 0.3301 NaN 
0.4431 0.2171 NaN 
0.2717 NaN NaN 
0.2102 NaN NaN 
0.3461 NaN NaN 
0.2218 0.2604 NaN 
0.3163 0.2119 0.2697 
0.2081 NaN NaN 
0.2205 NaN NaN 
0.7420 NaN NaN 
0.2565 NaN NaN 
0.2436 0.2756 0.2372 
0.3653 NaN NaN 
0.2761 NaN NaN 
0.2493 0.2814 0.2279 
0.2197 NaN NaN 
0.8172 NaN NaN 
0.2055 0.2050 NaN 
0.5624 NaN NaN 
0.5674 NaN NaN 
0.2581 0.2019 NaN 
0.5306 NaN NaN 
0.2083 0.4158 0.2106 
0.2702 0.2457 NaN 
0.2447 NaN NaN 
0.3651 NaN NaN 
0.2587 NaN NaN 
0.2132 NaN NaN 
0.2286 0.2013 NaN 
0.7978 0.2824 NaN 
0.2835 NaN NaN 
0.2367 0.2620 NaN 
0.2725 0.3686 NaN 
0.4523 NaN NaN 
0.2028 NaN NaN 
0.2725 0.3346 0.2946 
0.2624 NaN NaN 
0.2045 NaN NaN 
0.2013 NaN NaN 
0.8360 NaN NaN 
0.2455 0.2055 NaN 
0.2031 0.3892 NaN 
0.5951 0.2014 0.2336 
0.3242 0.2034 0.2199 
0.2777 NaN NaN 
0.2305 0.2629 0.6079 
0.2984 0.2891 0.4913 
0.2105 NaN NaN 
0.2071 0.2439 NaN 
0.2248 NaN NaN 
0.2454 0.2198 0.2227 
0.2010 0.6932 0.3404 
0.2609 0.3859 0.2311 
0.8121 0.3582 0.2200 
0.2358 0.9159 NaN 
0.2272 NaN NaN 
0.2696 NaN NaN 
0.2210 NaN NaN 
0.2059 NaN NaN 
0.2977 0.2610 NaN 
0.2183 NaN NaN 
0.4210 NaN NaN 
0.2440 NaN NaN 
0.2146 0.2295 NaN 
0.2329 NaN NaN 
0.2036 NaN NaN 
0.3273 0.3626 0.2161 
0.2362 0.2936 0.3727 
0.2520 0.3088 NaN 
0.2552 0.3585 NaN 
0.2474 NaN NaN 
0.3327 NaN NaN 
0.3922 NaN NaN 
0.2254 0.3855 NaN 
0.2201 0.5131 NaN 
0.2797 NaN NaN 
0.3113 0.5489 0.3510 
0.7501 NaN NaN 
0.2195 NaN NaN 
0.2274 0.5463 0.3039 
0.2315 0.2160 NaN 
0.6492 0.2254 NaN 
0.6397 0.4203 NaN 
0.2359 0.2888 0.2134 
0.2802 0.2330 0.2894 
0.3281 0.2916 NaN 
0.2328 NaN NaN 
