0.1205 0.3565 1 2 
0.2381 0.5557 1 2 
0.3338 0.7810 1 3 
0.1205 0.8833 2 2 
0.2381 0.9245 2 2 
0.3338 1.0453 2 3 
0.3338 1.3732 3 3 
2.3458 2.6074 1 1 
3.2296 3.4390 1 2 
3.2296 3.8825 2 2 
3.7138 3.9511 1 1 
3.8354 4.2262 1 2 
3.8354 4.5799 2 2 
7.3153 7.5767 1 1 
7.7181 7.9194 1 2 
7.7181 8.1408 2 2 
8.0080 8.4092 1 2 
7.5854 8.4253 1 2 
8.0080 8.6104 2 2 
7.5854 8.8202 2 2 
8.9918 9.2615 1 1 
9.1626 9.3663 1 2 
9.1626 9.6445 2 2 
6.3540 9.9222 1 2 
6.3540 10.1832 2 2 
10.2381 10.5335 1 1 
10.5613 10.7738 1 2 
10.5613 11.0103 2 2 
10.9412 11.1634 1 1 
11.3748 11.7978 1 2 
11.7137 11.9579 1 1 
11.3748 12.0687 2 2 
11.7305 12.2200 1 1 
11.9949 12.3008 1 1 
13.3006 13.6709 1 2 
13.1446 13.6790 1 2 
13.3006 13.9658 2 2 
13.1446 14.0297 2 2 
13.6911 14.0703 1 1 
14.1127 14.3427 1 2 
14.0854 14.3668 1 2 
14.3221 14.5979 1 1 
14.1839 14.6087 1 1 
14.1127 14.6139 2 2 
14.4681 14.8279 1 1 
14.5381 14.8357 1 1 
14.0854 14.9516 2 2 
14.9616 15.1653 1 1 
15.0406 15.2477 1 1 
15.0392 15.2478 1 1 
15.2179 15.4882 1 1 
15.1530 15.5035 1 1 
15.7598 16.0674 1 2 
15.7598 16.4146 2 2 
16.2315 16.5505 1 2 
16.2315 16.8079 2 2 
16.9251 17.3463 1 1 
17.7816 18.1634 1 1 
19.9494 20.2677 1 1 
20.0571 20.2785 1 2 
20.0571 20.6230 2 2 
21.2204 21.8801 1 1 
21.9834 22.2167 1 2 
21.8555 22.3204 1 2 
21.8555 22.5394 2 2 
21.9834 22.5495 2 2 
22.8433 23.1865 1 1 
23.5615 23.7963 1 1 
22.0839 23.8018 1 1 
23.6020 23.8576 1 1 
25.5096 25.7475 1 1 
26.0421 26.2975 1 2 
26.0421 26.5962 2 2 
26.4839 26.6842 1 2 
26.4839 27.0110 2 2 
27.0696 27.3454 1 2 
27.0696 27.5689 2 2 
27.6705 27.8782 1 2 
27.6705 28.0816 2 2 
28.4104 28.6129 1 2 
28.4104 28.8977 2 2 
29.4859 29.7114 1 2 
29.4859 29.9950 2 2 
29.8402 30.1132 1 1 
30.2042 30.4579 1 2 
30.4452 30.6548 1 1 
30.2042 30.9173 2 2 
30.9072 31.1742 1 1 
31.3366 31.5447 1 1 
31.1379 31.6207 1 1 
31.4162 31.6575 1 3 
31.4162 31.8782 2 3 
31.7974 32.0139 1 1 
31.4162 32.0786 3 3 
32.0237 32.3711 1 3 
32.0237 32.7233 2 3 
32.0237 32.9509 3 3 
33.2423 33.5500 1 1 
33.5305 33.7620 1 1 
35.0506 35.3713 1 1 
35.1582 35.5276 1 1 
35.8105 36.2101 1 2 
35.8105 36.4203 2 2 
36.2612 36.5474 1 1 
36.6478 36.8514 1 3 
36.5401 36.8650 1 2 
36.6478 37.1720 2 3 
36.5401 37.2721 2 2 
36.6478 37.4224 3 3 
38.2450 38.4490 1 1 
38.2016 38.8162 1 1 
38.6407 38.8640 1 2 
38.6407 39.6171 2 2 
39.8173 40.1187 1 1 
40.9379 41.1719 1 1 
41.2697 41.5684 1 3 
41.2697 41.7795 2 3 
41.6417 41.8979 1 1 
41.2697 42.2841 3 3 
42.1323 42.4636 1 1 
43.9337 44.3088 1 1 
44.2125 44.4838 1 3 
44.2125 44.7780 2 3 
44.7050 44.9079 1 1 
44.2125 45.0083 3 3 
44.8213 45.0491 1 2 
45.2072 45.4682 1 3 
45.2072 45.6821 2 3 
45.2072 45.9189 3 3 
44.8213 46.2564 2 2 
46.1114 46.3286 1 2 
46.1114 46.5297 2 2 
46.6105 46.8527 1 3 
46.6105 47.0624 2 3 
46.6105 47.2698 3 3 
48.1898 48.4091 1 2 
48.2406 48.5317 1 1 
48.1898 48.6199 2 2 
48.4085 48.7763 1 1 
48.8537 49.0653 1 1 
49.4982 49.7754 1 1 
50.6712 50.9442 1 3 
50.6712 51.1854 2 3 
51.0118 51.5330 1 3 
51.0118 51.8500 2 3 
51.6751 51.9440 1 1 
51.0118 52.0707 3 3 
51.9163 52.1612 1 1 
50.6712 52.4122 3 3 
51.9579 52.4360 1 2 
52.2102 52.5599 1 1 
51.9579 53.2849 2 2 
53.0832 53.4500 1 1 
53.5160 53.7244 1 3 
53.5160 53.9488 2 3 
53.5160 54.1558 3 3 
53.7738 54.2482 1 2 
53.9631 54.2615 1 1 
53.7738 54.4991 2 2 
56.1598 56.4069 1 1 
56.2926 56.8227 1 1 
56.7969 57.0582 1 1 
57.0672 57.3885 1 3 
57.3267 57.5289 1 1 
57.0672 57.5950 2 3 
57.0672 58.0318 3 3 
57.8773 58.1181 1 1 
58.1006 58.3426 1 2 
58.1006 58.7182 2 2 
58.7876 58.9990 1 2 
60.0856 60.2882 1 3 
60.0856 60.5096 2 3 
60.0856 60.7468 3 3 
61.0086 61.2721 1 1 
61.6090 61.9998 1 1 
62.4937 62.7954 1 1 
63.4122 63.6391 1 2 
63.8484 64.0808 1 2 
63.4122 64.1761 2 2 
63.8484 64.3804 2 2 
64.3151 64.5320 1 2 
64.3151 64.8269 2 2 
64.6742 65.0407 1 1 
65.0864 65.3140 1 1 
65.1496 65.3584 1 2 
58.7876 65.3699 2 2 
65.1496 65.5745 2 2 
65.7579 65.9987 1 2 
65.7579 66.2798 2 2 
66.5775 66.8397 1 1 
67.0173 67.2726 1 2 
67.0173 67.5053 2 2 
66.7558 67.8116 1 3 
67.6091 67.8163 1 2 
66.7558 68.0280 2 3 
67.6091 68.0440 2 2 
66.7558 69.1538 3 3 
69.5435 69.7491 1 1 
70.1945 70.4121 1 2 
70.1945 70.6282 2 2 
70.1225 70.9223 1 1 
