0.3700 0.6255 1 1 
0.3568 0.6433 1 1 
0.5737 0.8908 1 3 
0.4931 1.0076 1 1 
0.8423 1.0940 1 3 
0.9319 1.4066 1 2 
0.5737 1.4301 2 3 
1.0901 1.6196 1 3 
0.8423 1.6501 2 3 
0.9319 1.8513 2 2 
1.2823 2.3671 1 1 
1.0901 2.5672 2 3 
2.1931 2.5815 1 1 
2.4090 2.8481 1 1 
2.3760 2.9080 1 3 
2.4827 3.0900 1 1 
2.6309 3.2169 1 1 
3.1373 3.4206 1 1 
0.5737 3.6903 3 3 
2.3760 3.8384 2 3 
0.8423 3.9401 3 3 
1.0901 4.0430 3 3 
2.3760 4.1416 3 3 
4.3932 4.6853 1 1 
4.9247 5.1739 1 2 
4.8901 5.2921 1 1 
4.9247 5.5498 2 2 
5.6355 5.8882 1 2 
5.6355 6.2182 2 2 
7.0522 7.4953 1 2 
7.0522 7.7124 2 2 
8.1728 8.4445 1 1 
8.4864 8.6966 1 1 
8.6920 8.9184 1 2 
8.5891 8.9352 1 1 
8.6920 9.1788 2 2 
8.9454 9.2617 1 3 
8.9454 9.4737 2 3 
8.9454 9.7434 3 3 
10.5968 10.8049 1 1 
10.6874 10.9079 1 1 
10.9211 11.6631 1 1 
11.6967 11.9531 1 1 
13.8918 14.1354 1 3 
13.9826 14.3479 1 1 
13.8918 14.4110 2 3 
14.3460 14.6240 1 1 
13.8918 14.6482 3 3 
14.7103 14.9596 1 3 
14.7103 15.2409 2 3 
14.7103 15.4688 3 3 
15.6290 15.8487 1 1 
16.3426 16.5481 1 2 
16.3426 16.7531 2 2 
16.1796 16.9967 1 1 
16.7692 17.3316 1 1 
17.7473 18.3147 1 1 
18.6449 18.9030 1 2 
18.6449 19.1049 2 2 
19.0326 19.3132 1 3 
18.8562 19.3869 1 1 
19.0326 19.7289 2 3 
19.0326 19.9395 3 3 
20.2244 20.4946 1 2 
20.3320 20.5767 1 1 
20.2244 20.7403 2 2 
20.4991 20.9418 1 1 
21.3804 21.6391 1 1 
21.9250 22.1382 1 1 
22.0654 22.2940 1 2 
22.0654 22.4953 2 2 
22.2933 23.0911 1 2 
22.2933 23.3734 2 2 
23.4331 23.7167 1 1 
23.6579 23.8946 1 2 
23.6579 24.1565 2 2 
24.1969 24.4694 1 2 
24.1969 24.8380 2 2 
24.7106 25.1630 1 1 
25.3726 25.5755 1 1 
25.5646 25.8370 1 3 
25.5646 26.1716 2 3 
25.9706 26.2330 1 1 
25.5646 26.4662 3 3 
26.3019 26.5064 1 1 
26.4250 26.6675 1 1 
27.2782 27.5238 1 2 
27.2782 27.7293 2 2 
27.0370 27.8730 1 1 
29.6866 29.8897 1 2 
29.6866 30.2789 2 2 
30.7921 31.1163 1 3 
30.6309 31.2260 1 3 
30.9717 31.3940 1 1 
30.7921 31.4294 2 3 
30.6309 31.5955 2 3 
30.7921 31.6493 3 3 
30.6309 31.8290 3 3 
32.2630 32.4935 1 3 
32.2630 32.7564 2 3 
32.2630 33.3643 3 3 
34.0729 34.3714 1 3 
34.0729 34.6604 2 3 
34.0729 35.1518 3 3 
35.2238 35.4344 1 1 
35.7836 35.9908 1 2 
35.7836 36.2347 2 2 
36.4204 36.6452 1 1 
36.8562 37.1016 1 3 
36.8562 37.3214 2 3 
36.8562 37.5440 3 3 
37.6390 37.8399 1 3 
37.8493 38.1102 1 3 
37.8493 38.4961 2 3 
37.6390 38.5332 2 3 
37.8493 38.7643 3 3 
37.6390 39.1046 3 3 
38.4451 39.3081 1 3 
39.2708 39.5066 1 2 
38.4451 39.6663 2 3 
38.4451 39.8863 3 3 
39.2708 40.4225 2 2 
40.7617 40.9890 1 1 
41.0985 41.3682 1 1 
42.6762 42.8972 1 1 
42.7088 42.9146 1 1 
42.9753 43.1936 1 1 
42.7559 43.1949 1 2 
42.7559 43.4559 2 2 
43.1843 43.6146 1 1 
43.3493 43.6998 1 1 
43.7279 43.9425 1 2 
43.8931 44.1260 1 1 
43.7279 44.1720 2 2 
43.9601 44.3297 1 1 
44.1405 44.4993 1 3 
44.2366 44.5659 1 3 
44.2608 44.7513 1 2 
44.1405 44.9285 2 3 
44.2366 45.0449 2 3 
44.2608 45.2372 2 2 
44.1405 45.2611 3 3 
45.0705 45.4925 1 2 
45.1728 45.5085 1 1 
45.0705 45.8509 2 2 
44.2366 45.8812 3 3 
45.5116 46.1837 1 1 
45.5449 46.2734 1 1 
45.5482 46.4091 1 2 
45.5833 46.4934 1 2 
45.9314 46.6887 1 1 
45.9473 46.8047 1 3 
45.5482 47.1902 2 2 
46.0604 47.4388 1 1 
46.7444 47.6583 1 1 
45.5833 47.7032 2 2 
47.0169 47.9306 1 3 
47.5461 48.1621 1 2 
45.9473 48.2072 2 3 
47.0169 48.7535 2 3 
47.5476 48.8112 1 2 
47.5461 48.9695 2 2 
47.5476 49.1950 2 2 
48.9702 49.4309 1 3 
48.5394 49.4509 1 2 
48.9702 49.7197 2 3 
48.5394 49.8712 2 2 
45.9473 50.0706 3 3 
49.8018 50.1514 1 3 
49.8018 50.3844 2 3 
50.0525 50.3987 1 2 
47.0169 50.6883 3 3 
50.0525 50.6903 2 2 
48.9702 50.9017 3 3 
49.8018 50.9797 3 3 
50.8672 51.1345 1 1 
